  1.000000	  0.001100	  0.333333
  0.986891	  0.002263	  0.333333
  0.973868	  0.004551	  0.333333
  0.960853	  0.006937	  0.333333
  0.947843	  0.009375	  0.333333
  0.934841	  0.011881	  0.333333
  0.921845	  0.014444	  0.333333
  0.908857	  0.017064	  0.333333
  0.895875	  0.019736	  0.333333
  0.882900	  0.022455	  0.333333
  0.869929	  0.025212	  0.333333
  0.856961	  0.027998	  0.333333
  0.843994	  0.030803	  0.333333
  0.831028	  0.033622	  0.333333
  0.818062	  0.036451	  0.333333
  0.805095	  0.039285	  0.333333
  0.792127	  0.042122	  0.333333
  0.779157	  0.044958	  0.333333
  0.766184	  0.047783	  0.333333
  0.753206	  0.050590	  0.333333
  0.740222	  0.053375	  0.333333
  0.727233	  0.056129	  0.333333
  0.714236	  0.058849	  0.333333
  0.701232	  0.061529	  0.333333
  0.688219	  0.064165	  0.333333
  0.675198	  0.066753	  0.333333
  0.662168	  0.069289	  0.333333
  0.649128	  0.071768	  0.333333
  0.636079	  0.074187	  0.333333
  0.623019	  0.076543	  0.333333
  0.609949	  0.078830	  0.333333
  0.596868	  0.081043	  0.333333
  0.583776	  0.083179	  0.333333
  0.570673	  0.085234	  0.333333
  0.557559	  0.087204	  0.333333
  0.544434	  0.089085	  0.333333
  0.531299	  0.090870	  0.333333
  0.518152	  0.092555	  0.333333
  0.504994	  0.094131	  0.333333
  0.491825	  0.095592	  0.333333
  0.478646	  0.096932	  0.333333
  0.465456	  0.098150	  0.333333
  0.452258	  0.099247	  0.333333
  0.439051	  0.100216	  0.333333
  0.425836	  0.101039	  0.333333
  0.412614	  0.101690	  0.333333
  0.399385	  0.102143	  0.333333
  0.386153	  0.102381	  0.333333
  0.372918	  0.102416	  0.333333
  0.359683	  0.102266	  0.333333
  0.346449	  0.101952	  0.333333
  0.333218	  0.101484	  0.333333
  0.319991	  0.100864	  0.333333
  0.306774	  0.100089	  0.333333
  0.293570	  0.099160	  0.333333
  0.280377	  0.098072	  0.333333
  0.267193	  0.096821	  0.333333
  0.254011	  0.095401	  0.333333
  0.240826	  0.093810	  0.333333
  0.227652	  0.092051	  0.333333
  0.214514	  0.090134	  0.333333
  0.201441	  0.088073	  0.333333
  0.188449	  0.085870	  0.333333
  0.175496	  0.083493	  0.333333
  0.162488	  0.080881	  0.333333
  0.149336	  0.077988	  0.333333
  0.136007	  0.074793	  0.333333
  0.122711	  0.071373	  0.333333
  0.109791	  0.067837	  0.333333
  0.097658	  0.064289	  0.333333
  0.086544	  0.060756	  0.333333
  0.076107	  0.057115	  0.333333
  0.065785	  0.053230	  0.333333
  0.055330	  0.048964	  0.333333
  0.044818	  0.044169	  0.333333
  0.034445	  0.038840	  0.333333
  0.024656	  0.033172	  0.333333
  0.016016	  0.027318	  0.333333
  0.009028	  0.021232	  0.333333
  0.004061	  0.015549	  0.333333
  0.000571	  0.007557	  0.333333
  0.000652	 -0.002781	  0.333333
  0.005632	 -0.011262	  0.333333
  0.010930	 -0.016142	  0.333333
  0.018084	 -0.020806	  0.333333
  0.026972	 -0.025140	  0.333333
  0.037123	 -0.029215	  0.333333
  0.047967	 -0.033002	  0.333333
  0.058941	 -0.036369	  0.333333
  0.069787	 -0.039297	  0.333333
  0.080442	 -0.041903	  0.333333
  0.091074	 -0.044305	  0.333333
  0.102282	 -0.046584	  0.333333
  0.114483	 -0.048827	  0.333333
  0.127531	 -0.051046	  0.333333
  0.140972	 -0.053178	  0.333333
  0.154445	 -0.055159	  0.333333
  0.167709	 -0.056934	  0.333333
  0.180796	 -0.058510	  0.333333
  0.193804	 -0.059919	  0.333333
  0.206832	 -0.061198	  0.333333
  0.219934	 -0.062369	  0.333333
  0.233088	 -0.063432	  0.333333
  0.246266	 -0.064381	  0.333333
  0.259442	 -0.065210	  0.333333
  0.272605	 -0.065916	  0.333333
  0.285762	 -0.066500	  0.333333
  0.298918	 -0.066964	  0.333333
  0.312081	 -0.067308	  0.333333
  0.325250	 -0.067534	  0.333333
  0.338423	 -0.067642	  0.333333
  0.351596	 -0.067633	  0.333333
  0.364768	 -0.067505	  0.333333
  0.377938	 -0.067245	  0.333333
  0.391106	 -0.066834	  0.333333
  0.404269	 -0.066254	  0.333333
  0.417426	 -0.065495	  0.333333
  0.430577	 -0.064579	  0.333333
  0.443721	 -0.063531	  0.333333
  0.456859	 -0.062375	  0.333333
  0.469991	 -0.061128	  0.333333
  0.483118	 -0.059793	  0.333333
  0.496238	 -0.058373	  0.333333
  0.509352	 -0.056869	  0.333333
  0.522461	 -0.055288	  0.333333
  0.535564	 -0.053635	  0.333333
  0.548662	 -0.051917	  0.333333
  0.561755	 -0.050142	  0.333333
  0.574845	 -0.048315	  0.333333
  0.587930	 -0.046441	  0.333333
  0.601011	 -0.044526	  0.333333
  0.614090	 -0.042573	  0.333333
  0.627167	 -0.040589	  0.333333
  0.640241	 -0.038575	  0.333333
  0.653313	 -0.036536	  0.333333
  0.666385	 -0.034477	  0.333333
  0.679455	 -0.032403	  0.333333
  0.692527	 -0.030319	  0.333333
  0.705600	 -0.028232	  0.333333
  0.718675	 -0.026145	  0.333333
  0.731753	 -0.024069	  0.333333
  0.744833	 -0.022009	  0.333333
  0.757916	 -0.019974	  0.333333
  0.771002	 -0.017969	  0.333333
  0.784092	 -0.016002	  0.333333
  0.797189	 -0.014079	  0.333333
  0.810294	 -0.012207	  0.333333
  0.823407	 -0.010398	  0.333333
  0.836529	 -0.008665	  0.333333
  0.849660	 -0.007020	  0.333333
  0.862800	 -0.005473	  0.333333
  0.875950	 -0.004032	  0.333333
  0.889109	 -0.002701	  0.333333
  0.902278	 -0.001487	  0.333333
  0.915455	 -0.000413	  0.333333
  0.928644	  0.000472	  0.333333
  0.941825	  0.001113	  0.333333
  0.955066	  0.001460	  0.333333
  0.968104	  0.001448	  0.333333
  0.982103	  0.001051	  0.333333
  1.000000	  0.000553	  0.333333
