  1.000000	  0.001900	  0.000000
  0.986550	  0.003539	  0.000000
  0.973091	  0.006946	  0.000000
  0.959625	  0.010245	  0.000000
  0.946152	  0.013462	  0.000000
  0.932673	  0.016620	  0.000000
  0.919190	  0.019746	  0.000000
  0.905704	  0.022864	  0.000000
  0.892216	  0.025997	  0.000000
  0.878725	  0.029147	  0.000000
  0.865230	  0.032300	  0.000000
  0.851730	  0.035443	  0.000000
  0.838224	  0.038565	  0.000000
  0.824710	  0.041665	  0.000000
  0.811189	  0.044744	  0.000000
  0.797659	  0.047803	  0.000000
  0.784120	  0.050843	  0.000000
  0.770572	  0.053854	  0.000000
  0.757014	  0.056830	  0.000000
  0.743447	  0.059763	  0.000000
  0.729871	  0.062647	  0.000000
  0.716283	  0.065478	  0.000000
  0.702683	  0.068250	  0.000000
  0.689071	  0.070960	  0.000000
  0.675446	  0.073603	  0.000000
  0.661808	  0.076176	  0.000000
  0.648159	  0.078674	  0.000000
  0.634498	  0.081094	  0.000000
  0.620824	  0.083431	  0.000000
  0.607138	  0.085680	  0.000000
  0.593440	  0.087836	  0.000000
  0.579729	  0.089895	  0.000000
  0.566007	  0.091853	  0.000000
  0.552273	  0.093709	  0.000000
  0.538528	  0.095457	  0.000000
  0.524773	  0.097094	  0.000000
  0.511007	  0.098614	  0.000000
  0.497230	  0.100011	  0.000000
  0.483444	  0.101280	  0.000000
  0.469648	  0.102417	  0.000000
  0.455843	  0.103417	  0.000000
  0.442031	  0.104275	  0.000000
  0.428213	  0.104985	  0.000000
  0.414389	  0.105541	  0.000000
  0.400560	  0.105937	  0.000000
  0.386729	  0.106166	  0.000000
  0.372895	  0.106223	  0.000000
  0.359060	  0.106103	  0.000000
  0.345224	  0.105800	  0.000000
  0.331390	  0.105311	  0.000000
  0.317562	  0.104639	  0.000000
  0.303745	  0.103789	  0.000000
  0.289945	  0.102765	  0.000000
  0.276157	  0.101563	  0.000000
  0.262367	  0.100173	  0.000000
  0.248563	  0.098586	  0.000000
  0.234738	  0.096793	  0.000000
  0.220932	  0.094804	  0.000000
  0.207207	  0.092638	  0.000000
  0.193622	  0.090314	  0.000000
  0.180171	  0.087822	  0.000000
  0.166669	  0.085081	  0.000000
  0.152900	  0.081998	  0.000000
  0.138665	  0.078487	  0.000000
  0.124219	  0.074614	  0.000000
  0.110354	  0.070632	  0.000000
  0.097894	  0.066802	  0.000000
  0.087325	  0.063285	  0.000000
  0.078035	  0.059914	  0.000000
  0.069196	  0.056455	  0.000000
  0.060153	  0.052697	  0.000000
  0.050844	  0.048501	  0.000000
  0.041340	  0.043746	  0.000000
  0.031950	  0.038515	  0.000000
  0.023328	  0.033186	  0.000000
  0.016084	  0.028107	  0.000000
  0.010405	  0.023336	  0.000000
  0.006299	  0.018929	  0.000000
  0.003569	  0.015580	  0.000000
  0.001512	  0.011974	  0.000000
 -0.000324	  0.005007	  0.000000
  0.001182	 -0.002798	  0.000000
  0.006027	 -0.008530	  0.000000
  0.009555	 -0.011351	  0.000000
  0.012876	 -0.013338	  0.000000
  0.017860	 -0.015885	  0.000000
  0.024376	 -0.018454	  0.000000
  0.032421	 -0.021003	  0.000000
  0.041853	 -0.023557	  0.000000
  0.051974	 -0.025963	  0.000000
  0.062034	 -0.028053	  0.000000
  0.071742	 -0.029821	  0.000000
  0.081076	 -0.031358	  0.000000
  0.090212	 -0.032754	  0.000000
  0.099920	 -0.034089	  0.000000
  0.111079	 -0.035445	  0.000000
  0.124127	 -0.036858	  0.000000
  0.138369	 -0.038257	  0.000000
  0.152932	 -0.039551	  0.000000
  0.167058	 -0.040663	  0.000000
  0.180714	 -0.041594	  0.000000
  0.194133	 -0.042378	  0.000000
  0.207549	 -0.043047	  0.000000
  0.221105	 -0.043621	  0.000000
  0.234762	 -0.044100	  0.000000
  0.248455	 -0.044480	  0.000000
  0.262125	 -0.044758	  0.000000
  0.275757	 -0.044935	  0.000000
  0.289366	 -0.045011	  0.000000
  0.302969	 -0.044990	  0.000000
  0.316581	 -0.044873	  0.000000
  0.330200	 -0.044654	  0.000000
  0.343821	 -0.044327	  0.000000
  0.357438	 -0.043888	  0.000000
  0.371051	 -0.043334	  0.000000
  0.384659	 -0.042673	  0.000000
  0.398265	 -0.041911	  0.000000
  0.411871	 -0.041055	  0.000000
  0.425476	 -0.040110	  0.000000
  0.439081	 -0.039081	  0.000000
  0.452685	 -0.037972	  0.000000
  0.466288	 -0.036786	  0.000000
  0.479891	 -0.035531	  0.000000
  0.493494	 -0.034212	  0.000000
  0.507098	 -0.032834	  0.000000
  0.520704	 -0.031403	  0.000000
  0.534311	 -0.029924	  0.000000
  0.547920	 -0.028400	  0.000000
  0.561530	 -0.026838	  0.000000
  0.575143	 -0.025243	  0.000000
  0.588759	 -0.023619	  0.000000
  0.602378	 -0.021974	  0.000000
  0.616002	 -0.020312	  0.000000
  0.629630	 -0.018637	  0.000000
  0.643262	 -0.016952	  0.000000
  0.656899	 -0.015262	  0.000000
  0.670541	 -0.013572	  0.000000
  0.684190	 -0.011889	  0.000000
  0.697845	 -0.010219	  0.000000
  0.711509	 -0.008569	  0.000000
  0.725180	 -0.006949	  0.000000
  0.738859	 -0.005369	  0.000000
  0.752545	 -0.003839	  0.000000
  0.766240	 -0.002367	  0.000000
  0.779943	 -0.000960	  0.000000
  0.793656	  0.000378	  0.000000
  0.807380	  0.001640	  0.000000
  0.821114	  0.002813	  0.000000
  0.834858	  0.003879	  0.000000
  0.848610	  0.004822	  0.000000
  0.862370	  0.005626	  0.000000
  0.876138	  0.006284	  0.000000
  0.889915	  0.006790	  0.000000
  0.903702	  0.007138	  0.000000
  0.917496	  0.007296	  0.000000
  0.931290	  0.007190	  0.000000
  0.945076	  0.006743	  0.000000
  0.958848	  0.005878	  0.000000
  0.972597	  0.004517	  0.000000
  0.986317	  0.002584	  0.000000
  1.000000	  0.001000	  0.000000
