  1.000000	  0.001260	  0.000000
  0.994008	  0.002950	  0.000000
  0.983494	  0.005883	  0.000000
  0.971159	  0.009271	  0.000000
  0.957313	  0.013008	  0.000000
  0.942442	  0.016944	  0.000000
  0.926975	  0.020953	  0.000000
  0.911193	  0.024956	  0.000000
  0.895247	  0.028912	  0.000000
  0.879213	  0.032801	  0.000000
  0.863126	  0.036613	  0.000000
  0.847005	  0.040345	  0.000000
  0.830857	  0.043994	  0.000000
  0.814687	  0.047559	  0.000000
  0.798498	  0.051040	  0.000000
  0.782292	  0.054436	  0.000000
  0.766070	  0.057747	  0.000000
  0.749835	  0.060972	  0.000000
  0.733586	  0.064110	  0.000000
  0.717327	  0.067161	  0.000000
  0.701057	  0.070123	  0.000000
  0.684779	  0.072996	  0.000000
  0.668494	  0.075778	  0.000000
  0.652203	  0.078468	  0.000000
  0.635908	  0.081065	  0.000000
  0.619611	  0.083567	  0.000000
  0.603312	  0.085973	  0.000000
  0.587015	  0.088280	  0.000000
  0.570719	  0.090488	  0.000000
  0.554427	  0.092593	  0.000000
  0.538142	  0.094593	  0.000000
  0.521864	  0.096486	  0.000000
  0.505596	  0.098270	  0.000000
  0.489340	  0.099942	  0.000000
  0.473098	  0.101499	  0.000000
  0.456873	  0.102938	  0.000000
  0.440668	  0.104255	  0.000000
  0.424486	  0.105448	  0.000000
  0.408330	  0.106512	  0.000000
  0.392207	  0.107443	  0.000000
  0.376125	  0.108238	  0.000000
  0.360097	  0.108892	  0.000000
  0.344148	  0.109401	  0.000000
  0.328328	  0.109759	  0.000000
  0.312728	  0.109964	  0.000000
  0.297527	  0.110012	  0.000000
  0.282834	  0.109787	  0.000000
  0.268433	  0.109230	  0.000000
  0.254207	  0.108349	  0.000000
  0.240108	  0.107142	  0.000000
  0.226118	  0.105609	  0.000000
  0.212234	  0.103748	  0.000000
  0.198462	  0.101558	  0.000000
  0.184812	  0.099039	  0.000000
  0.171300	  0.096192	  0.000000
  0.157947	  0.093017	  0.000000
  0.144777	  0.089520	  0.000000
  0.131823	  0.085706	  0.000000
  0.119131	  0.081587	  0.000000
  0.106757	  0.077183	  0.000000
  0.094783	  0.072526	  0.000000
  0.083311	  0.067665	  0.000000
  0.072470	  0.062671	  0.000000
  0.062405	  0.057640	  0.000000
  0.053247	  0.052682	  0.000000
  0.045087	  0.047903	  0.000000
  0.037947	  0.043387	  0.000000
  0.031782	  0.039181	  0.000000
  0.026501	  0.035295	  0.000000
  0.021989	  0.031714	  0.000000
  0.018132	  0.028410	  0.000000
  0.014830	  0.025348	  0.000000
  0.011997	  0.022493	  0.000000
  0.009563	  0.019815	  0.000000
  0.007475	  0.017285	  0.000000
  0.005690	  0.014879	  0.000000
  0.004178	  0.012578	  0.000000
  0.002916	  0.010365	  0.000000
  0.001889	  0.008228	  0.000000
  0.001089	  0.006157	  0.000000
  0.000509	  0.004150	  0.000000
  0.000148	  0.002206	  0.000000
  0.000004	  0.000335	  0.000000
  0.000073	 -0.001496	  0.000000
  0.000389	 -0.003353	  0.000000
  0.000989	 -0.005197	  0.000000
  0.001898	 -0.006986	  0.000000
  0.003122	 -0.008680	  0.000000
  0.004647	 -0.010251	  0.000000
  0.006459	 -0.011690	  0.000000
  0.008544	 -0.012998	  0.000000
  0.010903	 -0.014183	  0.000000
  0.013547	 -0.015258	  0.000000
  0.016504	 -0.016231	  0.000000
  0.019814	 -0.017109	  0.000000
  0.023536	 -0.017898	  0.000000
  0.027750	 -0.018596	  0.000000
  0.032561	 -0.019201	  0.000000
  0.038105	 -0.019701	  0.000000
  0.044560	 -0.020081	  0.000000
  0.052129	 -0.020315	  0.000000
  0.061032	 -0.020372	  0.000000
  0.071455	 -0.020218	  0.000000
  0.083481	 -0.019830	  0.000000
  0.097021	 -0.019206	  0.000000
  0.111835	 -0.018379	  0.000000
  0.127599	 -0.017403	  0.000000
  0.143974	 -0.016343	  0.000000
  0.160608	 -0.015268	  0.000000
  0.177244	 -0.014232	  0.000000
  0.193785	 -0.013270	  0.000000
  0.210207	 -0.012406	  0.000000
  0.226516	 -0.011657	  0.000000
  0.242729	 -0.011036	  0.000000
  0.258875	 -0.010554	  0.000000
  0.274993	 -0.010220	  0.000000
  0.291159	 -0.010043	  0.000000
  0.307523	 -0.010010	  0.000000
  0.324119	 -0.009948	  0.000000
  0.340868	 -0.009828	  0.000000
  0.357713	 -0.009657	  0.000000
  0.374630	 -0.009442	  0.000000
  0.391602	 -0.009188	  0.000000
  0.408622	 -0.008902	  0.000000
  0.425685	 -0.008588	  0.000000
  0.442785	 -0.008251	  0.000000
  0.459921	 -0.007896	  0.000000
  0.477087	 -0.007527	  0.000000
  0.494281	 -0.007149	  0.000000
  0.511497	 -0.006765	  0.000000
  0.528725	 -0.006378	  0.000000
  0.545952	 -0.005992	  0.000000
  0.563167	 -0.005610	  0.000000
  0.580366	 -0.005235	  0.000000
  0.597551	 -0.004869	  0.000000
  0.614721	 -0.004513	  0.000000
  0.631878	 -0.004171	  0.000000
  0.649023	 -0.003843	  0.000000
  0.666157	 -0.003531	  0.000000
  0.683283	 -0.003236	  0.000000
  0.700401	 -0.002959	  0.000000
  0.717513	 -0.002701	  0.000000
  0.734620	 -0.002463	  0.000000
  0.751724	 -0.002245	  0.000000
  0.768825	 -0.002048	  0.000000
  0.785926	 -0.001871	  0.000000
  0.803026	 -0.001715	  0.000000
  0.820126	 -0.001580	  0.000000
  0.837227	 -0.001466	  0.000000
  0.854326	 -0.001371	  0.000000
  0.871416	 -0.001296	  0.000000
  0.888484	 -0.001240	  0.000000
  0.905492	 -0.001201	  0.000000
  0.922361	 -0.001180	  0.000000
  0.938920	 -0.001174	  0.000000
  0.954846	 -0.001181	  0.000000
  0.969631	 -0.001198	  0.000000
  0.982713	 -0.001221	  0.000000
  0.993756	 -0.001245	  0.000000
  1.000000	 -0.001260	  0.000000
